# model,mass1,mass2,ctau,obs,exp,exp-2s,exp-1s,exp+1s,exp+1s
ScenarioA,1.000,0.330,0.10,0.0028,0.0034,0.0013,0.0015,0.0056,0.0101
ScenarioA,1.000,0.330,0.25,0.0015,0.0015,0.0004,0.0006,0.0026,0.0040
ScenarioA,1.000,0.330,0.60,0.0016,0.0015,0.0004,0.0006,0.0026,0.0040
ScenarioA,1.000,0.330,1.00,0.0020,0.0015,0.0004,0.0012,0.0026,0.0040
ScenarioA,1.000,0.330,2.50,0.0027,0.0024,0.0009,0.0013,0.0046,0.0071
ScenarioA,1.000,0.330,6.00,0.0057,0.0054,0.0017,0.0031,0.0105,0.0160
ScenarioA,1.000,0.330,10.00,0.0090,0.0093,0.0026,0.0047,0.0179,0.0279
ScenarioA,1.000,0.330,25.00,0.0173,0.0176,0.0052,0.0091,0.0347,0.0532
ScenarioA,1.000,0.330,60.00,0.0473,0.0479,0.0142,0.0247,0.0948,0.1451
ScenarioA,1.000,0.330,100.00,0.0692,0.0698,0.0207,0.0365,0.1388,0.2118
ScenarioA,2.000,0.670,0.10,0.4408,0.1753,0.0678,0.1073,0.2843,0.4184
ScenarioA,2.000,0.670,0.25,0.3482,0.1450,0.0691,0.0982,0.2103,0.2869
ScenarioA,2.000,0.670,0.60,0.1376,0.0591,0.0291,0.0408,0.0869,0.1220
ScenarioA,2.000,0.670,1.00,0.0971,0.0405,0.0203,0.0279,0.0602,0.0853
ScenarioA,2.000,0.670,2.50,0.0863,0.0361,0.0181,0.0248,0.0543,0.0790
ScenarioA,2.000,0.670,6.00,0.1231,0.0522,0.0261,0.0359,0.0797,0.1178
ScenarioA,2.000,0.670,10.00,0.1671,0.0698,0.0346,0.0476,0.1068,0.1592
ScenarioA,2.000,0.670,25.00,0.3248,0.1348,0.0637,0.0892,0.2132,0.3315
ScenarioA,2.000,0.670,60.00,0.5142,0.2705,0.1279,0.1791,0.4279,0.6653
ScenarioA,2.000,0.670,100.00,0.8417,0.4238,0.2003,0.2806,0.6722,1.0527
ScenarioA,4.000,1.330,0.10,0.1221,0.0405,0.0123,0.0216,0.0764,0.1229
ScenarioA,4.000,1.330,0.25,0.1152,0.0288,0.0086,0.0152,0.0541,0.0873
ScenarioA,4.000,1.330,0.60,0.0682,0.0229,0.0075,0.0128,0.0401,0.0638
ScenarioA,4.000,1.330,1.00,0.0345,0.0142,0.0058,0.0086,0.0236,0.0355
ScenarioA,4.000,1.330,2.50,0.0157,0.0063,0.0028,0.0041,0.0108,0.0164
ScenarioA,4.000,1.330,6.00,0.0134,0.0054,0.0023,0.0035,0.0085,0.0139
ScenarioA,4.000,1.330,10.00,0.0154,0.0054,0.0023,0.0035,0.0091,0.0159
ScenarioA,4.000,1.330,25.00,0.0258,0.0093,0.0038,0.0055,0.0149,0.0253
ScenarioA,4.000,1.330,60.00,0.0481,0.0171,0.0072,0.0106,0.0288,0.0487
ScenarioA,4.000,1.330,100.00,0.0615,0.0249,0.0105,0.0155,0.0424,0.0718
ScenarioA,5.000,1.670,0.10,0.0359,0.1050,0.0361,0.0603,0.1744,0.2593
ScenarioA,5.000,1.670,0.25,0.0284,0.0581,0.0186,0.0319,0.1003,0.1546
ScenarioA,5.000,1.670,0.60,0.0267,0.0415,0.0143,0.0241,0.0680,0.1021
ScenarioA,5.000,1.670,1.00,0.0189,0.0269,0.0113,0.0176,0.0427,0.0631
ScenarioA,5.000,1.670,2.50,0.0069,0.0083,0.0034,0.0049,0.0133,0.0211
ScenarioA,5.000,1.670,6.00,0.0038,0.0044,0.0019,0.0028,0.0075,0.0130
ScenarioA,5.000,1.670,10.00,0.0038,0.0044,0.0014,0.0025,0.0075,0.0123
ScenarioA,5.000,1.670,25.00,0.0051,0.0054,0.0023,0.0035,0.0098,0.0159
ScenarioA,5.000,1.670,60.00,0.0082,0.0093,0.0032,0.0051,0.0167,0.0279
ScenarioA,5.000,1.670,100.00,0.0128,0.0142,0.0049,0.0081,0.0254,0.0428
ScenarioA,6.000,2.000,0.10,0.2499,0.1582,0.0890,0.1155,0.2219,0.2999
ScenarioA,6.000,2.000,0.25,0.1687,0.0972,0.0558,0.0713,0.1351,0.1846
ScenarioA,6.000,2.000,0.60,0.1406,0.0718,0.0412,0.0527,0.0990,0.1339
ScenarioA,6.000,2.000,1.00,0.0886,0.0444,0.0229,0.0317,0.0639,0.0887
ScenarioA,6.000,2.000,2.50,0.0193,0.0083,0.0034,0.0055,0.0139,0.0220
ScenarioA,6.000,2.000,6.00,0.0104,0.0034,0.0013,0.0021,0.0065,0.0099
ScenarioA,6.000,2.000,10.00,0.0098,0.0034,0.0013,0.0021,0.0056,0.0101
ScenarioA,6.000,2.000,25.00,0.0129,0.0044,0.0016,0.0027,0.0075,0.0130
ScenarioA,6.000,2.000,60.00,0.0228,0.0073,0.0032,0.0045,0.0134,0.0220
ScenarioA,6.000,2.000,100.00,0.0289,0.0103,0.0042,0.0061,0.0191,0.0308
ScenarioA,7.500,2.500,0.10,0.2281,0.1147,0.0681,0.0863,0.1573,0.2119
ScenarioA,7.500,2.500,0.25,0.2037,0.0649,0.0398,0.0489,0.0908,0.1271
ScenarioA,7.500,2.500,0.60,0.1450,0.0464,0.0279,0.0348,0.0649,0.0914
ScenarioA,7.500,2.500,1.00,0.0810,0.0337,0.0203,0.0257,0.0474,0.0659
ScenarioA,7.500,2.500,2.50,0.0318,0.0073,0.0032,0.0045,0.0125,0.0201
ScenarioA,7.500,2.500,6.00,0.0186,0.0024,0.0009,0.0013,0.0046,0.0071
ScenarioA,7.500,2.500,10.00,0.0159,0.0015,0.0004,0.0012,0.0026,0.0040
ScenarioA,7.500,2.500,25.00,0.0115,0.0020,0.0005,0.0009,0.0034,0.0056
ScenarioA,7.500,2.500,60.00,0.0160,0.0034,0.0013,0.0015,0.0056,0.0101
ScenarioA,7.500,2.500,100.00,0.0222,0.0044,0.0014,0.0025,0.0086,0.0131
ScenarioA,12.000,1.200,0.10,0.0993,0.0332,0.0125,0.0202,0.0520,0.0769
ScenarioA,12.000,1.200,0.25,0.0587,0.0161,0.0063,0.0103,0.0256,0.0391
ScenarioA,12.000,1.200,0.60,0.0338,0.0093,0.0038,0.0062,0.0149,0.0220
ScenarioA,12.000,1.200,1.00,0.0266,0.0054,0.0023,0.0035,0.0091,0.0132
ScenarioA,12.000,1.200,2.50,0.0158,0.0024,0.0009,0.0021,0.0046,0.0071
ScenarioA,12.000,1.200,6.00,0.0164,0.0024,0.0009,0.0013,0.0046,0.0071
ScenarioA,12.000,1.200,10.00,0.0185,0.0034,0.0013,0.0021,0.0056,0.0089
ScenarioA,12.000,1.200,25.00,0.0335,0.0054,0.0023,0.0035,0.0091,0.0150
ScenarioA,12.000,1.200,60.00,0.0535,0.0093,0.0038,0.0062,0.0167,0.0279
ScenarioA,12.000,1.200,100.00,0.1036,0.0161,0.0065,0.0098,0.0272,0.0466
ScenarioA,2.000,0.670,1000.00,4.2969,3.7500,1.8164,2.5113,5.8576,9.0203
ScenarioA,4.000,1.330,1000.00,0.3832,0.1777,0.0736,0.1094,0.3053,0.5203
ScenarioA,5.000,1.670,1000.00,0.0966,0.1060,0.0414,0.0636,0.1896,0.3212
ScenarioA,6.000,2.000,1000.00,0.1535,0.0737,0.0271,0.0431,0.1343,0.2235
ScenarioA,7.500,2.500,1000.00,0.1062,0.0356,0.0123,0.0199,0.0678,0.1081
ScenarioA,12.000,1.200,1000.00,0.5817,0.1392,0.0576,0.0857,0.2401,0.4132

