# model,mass,ctau,obs,exp,exp-2s,exp-1s,exp+1s,exp+1s
BToPhi,0.304,1.00,0.3694,0.3613,0.1510,0.2282,0.5414,0.7526
BToPhi,0.304,10.00,1.8542,1.4766,0.5306,0.8854,2.3418,3.4662
BToPhi,0.304,100.00,2.3593,3.0000,0.9375,1.6143,5.6547,9.0955
BToPhi,0.308,1.00,0.4109,0.3281,0.1461,0.2158,0.4890,0.6838
BToPhi,0.308,10.00,2.0769,1.3984,0.5244,0.8590,2.1900,3.2132
BToPhi,0.308,100.00,2.1259,3.1250,0.9888,1.7064,5.7408,9.4733
BToPhi,0.314,1.00,0.3538,0.3359,0.1430,0.2048,0.5073,0.7062
BToPhi,0.314,10.00,0.9589,1.2344,0.5111,0.7823,1.9380,2.9451
BToPhi,0.314,100.00,2.3507,3.0781,0.9860,1.6888,5.6547,9.3312
BToPhi,0.322,1.00,0.4054,0.3193,0.1322,0.1892,0.3206,0.3219
BToPhi,0.322,10.00,1.8410,1.0898,0.4598,0.6961,1.7024,2.5712
BToPhi,0.322,100.00,7.3573,3.0938,1.0031,1.7054,5.5355,7.4413
BToPhi,0.328,1.00,0.5242,0.2725,0.1298,0.1844,0.3061,0.3378
BToPhi,0.328,10.00,2.5808,1.0547,0.4573,0.6813,1.6306,2.3819
BToPhi,0.328,100.00,11.3457,3.1406,1.0305,1.7394,5.5692,9.0837
BToPhi,0.338,1.00,0.2591,0.2646,0.1282,0.1804,0.3860,0.5545
BToPhi,0.338,10.00,0.8731,0.9414,0.4266,0.6196,1.4330,2.0864
BToPhi,0.338,100.00,3.2197,3.3125,1.1128,1.8518,5.7684,9.2321
BToPhi,0.346,1.00,0.1726,0.2539,0.1190,0.1685,0.3905,0.5500
BToPhi,0.346,10.00,0.6191,0.8867,0.4087,0.5880,1.3391,1.9488
BToPhi,0.346,100.00,2.0342,3.3281,1.1700,1.9287,5.6629,8.9363
BToPhi,0.352,1.00,0.5119,0.2588,0.1193,0.1683,0.3877,0.5421
BToPhi,0.352,10.00,1.5977,0.8516,0.3958,0.5667,1.2826,1.8799
BToPhi,0.352,100.00,3.3259,3.4844,1.2522,2.0369,5.8455,9.1482
BToPhi,0.358,1.00,0.6547,0.2393,0.1178,0.1643,0.3489,0.4865
BToPhi,0.358,10.00,1.8984,0.7930,0.3779,0.5368,1.1817,1.6957
BToPhi,0.358,100.00,4.2226,3.5469,1.3301,2.1267,5.8372,9.0459
BToPhi,0.362,1.00,0.5295,0.2520,0.1181,0.1641,0.3725,0.5201
BToPhi,0.362,10.00,1.3262,0.7852,0.3742,0.5315,1.1701,1.6980
BToPhi,0.362,100.00,3.3104,3.8125,1.3999,2.2292,6.3352,9.7447
BToPhi,0.366,1.00,0.3323,0.2471,0.1177,0.1642,0.3702,0.5176
BToPhi,0.366,10.00,0.8403,0.7715,0.3737,0.5229,1.1497,1.6497
BToPhi,0.366,100.00,3.1981,3.7812,1.4918,2.3325,6.1627,9.3723
BToPhi,0.370,1.00,0.5124,0.2500,0.1172,0.1639,0.3676,0.5102
BToPhi,0.370,10.00,1.5320,0.7578,0.3671,0.5166,1.1233,1.6216
BToPhi,0.370,100.00,5.8557,3.9219,1.5779,2.4386,6.2668,9.4942
BToPhi,0.375,1.00,0.6598,0.2363,0.1172,0.1628,0.3428,0.4764
BToPhi,0.375,10.00,2.2949,0.7422,0.3653,0.5066,1.0942,1.5620
BToPhi,0.375,100.00,7.3941,4.2969,1.7120,2.6410,6.7804,10.0706
BToPhi,0.655,1.00,0.2658,0.1279,0.0670,0.0903,0.1840,0.2553
BToPhi,0.655,10.00,0.3407,0.1606,0.0828,0.1126,0.2356,0.3354
BToPhi,0.670,1.00,0.2881,0.1323,0.0693,0.0934,0.1903,0.2641
BToPhi,0.670,10.00,0.3205,0.1616,0.0833,0.1127,0.2370,0.3374
BToPhi,1.190,1.00,0.7665,0.1904,0.0997,0.1344,0.2747,0.3841
BToPhi,1.190,10.00,0.2850,0.0552,0.0276,0.0379,0.0838,0.1241
BToPhi,1.190,100.00,1.1663,0.2451,0.1187,0.1651,0.3790,0.5765
BToPhi,1.260,1.00,0.9813,0.2109,0.1104,0.1489,0.3043,0.4241
BToPhi,1.260,10.00,0.3137,0.0518,0.0255,0.0349,0.0786,0.1177
BToPhi,1.260,100.00,1.1692,0.2139,0.1011,0.1416,0.3341,0.5144
BToPhi,1.280,1.00,0.6247,0.2080,0.1081,0.1455,0.3000,0.4208
BToPhi,1.280,10.00,0.1955,0.0483,0.0238,0.0326,0.0738,0.1101
BToPhi,1.280,100.00,0.6930,0.2002,0.0954,0.1339,0.3135,0.4819
BToPhi,1.300,1.00,0.5592,0.2197,0.1150,0.1551,0.3169,0.4418
BToPhi,1.300,10.00,0.1525,0.0474,0.0229,0.0317,0.0719,0.1082
BToPhi,1.300,100.00,0.5931,0.1904,0.0893,0.1264,0.2997,0.4678
BToPhi,1.320,1.00,0.3817,0.2275,0.1191,0.1606,0.3282,0.4547
BToPhi,1.320,10.00,0.0709,0.0464,0.0225,0.0311,0.0712,0.1069
BToPhi,1.320,100.00,0.3382,0.1855,0.0877,0.1229,0.2913,0.4512
BToPhi,1.340,1.00,0.4382,0.2354,0.1232,0.1653,0.3376,0.4705
BToPhi,1.340,10.00,0.1261,0.0454,0.0216,0.0302,0.0697,0.1047
BToPhi,1.340,100.00,0.5795,0.1797,0.0849,0.1197,0.2828,0.4373
BToPhi,1.360,1.00,0.2520,0.2412,0.1253,0.1697,0.3470,0.4813
BToPhi,1.360,10.00,0.0746,0.0444,0.0215,0.0298,0.0689,0.1035
BToPhi,1.360,100.00,0.3304,0.1758,0.0831,0.1164,0.2760,0.4275
BToPhi,1.390,1.00,0.2333,0.2461,0.1279,0.1731,0.3550,0.4917
BToPhi,1.390,10.00,0.0420,0.0415,0.0201,0.0278,0.0650,0.0985
BToPhi,1.390,100.00,0.1616,0.1611,0.0755,0.1070,0.2543,0.3961
BToPhi,1.410,1.00,0.3779,0.2529,0.1324,0.1785,0.3628,0.5041
BToPhi,1.410,10.00,0.0459,0.0415,0.0198,0.0276,0.0637,0.0974
BToPhi,1.410,100.00,0.1410,0.1592,0.0746,0.1050,0.2505,0.3910
BToPhi,1.450,1.00,0.5235,0.2686,0.1406,0.1896,0.3852,0.5352
BToPhi,1.450,10.00,0.1097,0.0376,0.0173,0.0246,0.0601,0.0927
BToPhi,1.450,100.00,0.2910,0.1392,0.0620,0.0897,0.2224,0.3526
BToPhi,1.490,1.00,0.5744,0.2920,0.1528,0.2061,0.4154,0.5723
BToPhi,1.490,10.00,0.0449,0.0386,0.0172,0.0249,0.0604,0.0929
BToPhi,1.490,100.00,0.1269,0.1348,0.0600,0.0869,0.2164,0.3418
BToPhi,1.530,1.00,0.3425,0.3086,0.1664,0.2208,0.4365,0.5992
BToPhi,1.530,10.00,0.0574,0.0391,0.0174,0.0252,0.0618,0.0956
BToPhi,1.530,100.00,0.2292,0.1260,0.0541,0.0805,0.2053,0.3247
BToPhi,1.550,1.00,0.6622,0.3125,0.1660,0.2221,0.4445,0.6125
BToPhi,1.550,10.00,0.1139,0.0366,0.0166,0.0238,0.0585,0.0903
BToPhi,1.550,100.00,0.3696,0.1206,0.0523,0.0768,0.1946,0.3089
BToPhi,1.570,1.00,0.8771,0.3232,0.1705,0.2289,0.4611,0.6344
BToPhi,1.570,10.00,0.1097,0.0366,0.0163,0.0236,0.0585,0.0911
BToPhi,1.570,100.00,0.3247,0.1191,0.0512,0.0751,0.1961,0.3116
BToPhi,1.590,1.00,0.8379,0.3311,0.1733,0.2337,0.4736,0.6527
BToPhi,1.590,10.00,0.0792,0.0356,0.0159,0.0230,0.0570,0.0879
BToPhi,1.590,100.00,0.2254,0.1138,0.0493,0.0725,0.1854,0.2945
BToPhi,1.620,1.00,0.2728,0.3398,0.1779,0.2399,0.4875,0.6730
BToPhi,1.620,10.00,0.0293,0.0347,0.0154,0.0223,0.0554,0.0863
BToPhi,1.620,100.00,0.0934,0.1104,0.0483,0.0706,0.1799,0.2869
BToPhi,1.640,1.00,0.2156,0.3457,0.1810,0.2440,0.4959,0.6846
BToPhi,1.640,10.00,0.0261,0.0347,0.0154,0.0223,0.0554,0.0863
BToPhi,1.640,100.00,0.0691,0.1108,0.0485,0.0709,0.1798,0.2842
BToPhi,1.660,1.00,0.2504,0.3740,0.1958,0.2640,0.5321,0.7283
BToPhi,1.660,10.00,0.0379,0.0366,0.0166,0.0238,0.0579,0.0897
BToPhi,1.660,100.00,0.0876,0.1104,0.0491,0.0711,0.1781,0.2827
BToPhi,1.680,1.00,0.2851,0.3828,0.1989,0.2693,0.5446,0.7454
BToPhi,1.680,10.00,0.0400,0.0386,0.0181,0.0254,0.0604,0.0920
BToPhi,1.680,100.00,0.1193,0.1147,0.0533,0.0754,0.1820,0.2876
BToPhi,1.700,1.00,0.4095,0.3770,0.1929,0.2634,0.5437,0.7532
BToPhi,1.700,10.00,0.0435,0.0356,0.0164,0.0233,0.0558,0.0866
BToPhi,1.700,100.00,0.1455,0.1104,0.0513,0.0725,0.1763,0.2771
BToPhi,1.730,1.00,0.7148,0.3848,0.1984,0.2697,0.5550,0.7688
BToPhi,1.730,10.00,0.0656,0.0347,0.0160,0.0227,0.0548,0.0845
BToPhi,1.730,100.00,0.1757,0.1064,0.0499,0.0702,0.1701,0.2673
BToPhi,1.760,1.00,0.7510,0.4199,0.2149,0.2950,0.6074,0.8402
BToPhi,1.760,10.00,0.0525,0.0347,0.0157,0.0225,0.0554,0.0863
BToPhi,1.760,100.00,0.1521,0.1030,0.0479,0.0677,0.1646,0.2587
BToPhi,1.790,1.00,0.8517,0.4590,0.2349,0.3207,0.6621,0.9171
BToPhi,1.790,10.00,0.0532,0.0356,0.0162,0.0232,0.0564,0.0885
BToPhi,1.790,100.00,0.1179,0.1040,0.0488,0.0686,0.1662,0.2612
BToPhi,1.820,1.00,0.9615,0.5039,0.2638,0.3557,0.7208,0.9903
BToPhi,1.820,10.00,0.0686,0.0386,0.0184,0.0256,0.0598,0.0926
BToPhi,1.820,100.00,0.1312,0.1069,0.0514,0.0713,0.1692,0.2654
BToPhi,1.840,1.00,1.1131,0.4941,0.2529,0.3452,0.7108,0.9799
BToPhi,1.840,10.00,0.0981,0.0356,0.0164,0.0233,0.0558,0.0858
BToPhi,1.840,100.00,0.2486,0.0991,0.0441,0.0643,0.1584,0.2511
BToPhi,1.860,1.00,1.4874,0.4941,0.2587,0.3488,0.7069,0.9711
BToPhi,1.860,10.00,0.1115,0.0347,0.0160,0.0227,0.0548,0.0853
BToPhi,1.860,100.00,0.2572,0.0991,0.0465,0.0654,0.1568,0.2461
BToPhi,1.880,1.00,1.2032,0.5137,0.2689,0.3626,0.7348,1.0095
BToPhi,1.880,10.00,0.0599,0.0356,0.0164,0.0233,0.0555,0.0857
BToPhi,1.880,100.00,0.1504,0.1021,0.0482,0.0676,0.1614,0.2533
BToPhi,1.900,1.00,1.2412,0.5293,0.2771,0.3756,0.7529,1.0273
BToPhi,1.900,10.00,0.0534,0.0337,0.0158,0.0222,0.0538,0.0831
BToPhi,1.900,100.00,0.2109,0.0933,0.0437,0.0615,0.1479,0.2338
BToPhi,1.950,1.00,1.1406,0.5625,0.2944,0.3991,0.8002,1.0953
BToPhi,1.950,10.00,0.1291,0.0332,0.0153,0.0217,0.0525,0.0817
BToPhi,1.950,100.00,0.4617,0.0884,0.0414,0.0583,0.1412,0.2219
BToPhi,1.980,1.00,1.0742,0.5840,0.3057,0.4144,0.8307,1.1371
BToPhi,1.980,10.00,0.0984,0.0317,0.0144,0.0209,0.0512,0.0799
BToPhi,1.980,100.00,0.2380,0.0845,0.0386,0.0547,0.1350,0.2140
BToPhi,2.020,1.00,1.1534,0.6289,0.3366,0.4508,0.8871,1.2075
BToPhi,2.020,10.00,0.0548,0.0317,0.0144,0.0206,0.0507,0.0783
BToPhi,2.020,100.00,0.1881,0.0786,0.0356,0.0511,0.1269,0.2014
BToPhi,2.160,1.00,3.2721,0.7500,0.3955,0.5340,1.0639,1.4584
BToPhi,2.160,10.00,0.1448,0.0278,0.0126,0.0183,0.0451,0.0707
BToPhi,2.160,100.00,0.2565,0.0640,0.0285,0.0412,0.1042,0.1677
BToPhi,2.220,1.00,2.1299,0.7812,0.4059,0.5525,1.1082,1.5142
BToPhi,2.220,10.00,0.1021,0.0244,0.0103,0.0152,0.0404,0.0650
BToPhi,2.220,100.00,0.2905,0.0513,0.0200,0.0313,0.0876,0.1458
BToPhi,2.360,1.00,3.4320,0.8359,0.4245,0.5884,1.1858,1.6043
BToPhi,2.360,10.00,0.1879,0.0229,0.0097,0.0142,0.0380,0.0613
BToPhi,2.360,100.00,0.6439,0.0503,0.0216,0.0319,0.0836,0.1367
BToPhi,2.400,1.00,4.1588,0.8359,0.4114,0.5773,1.1891,1.6172
BToPhi,2.400,10.00,0.2172,0.0220,0.0093,0.0136,0.0370,0.0598
BToPhi,2.400,100.00,0.5942,0.0498,0.0214,0.0316,0.0828,0.1359
BToPhi,2.460,1.00,4.7139,0.8555,0.4211,0.5840,1.2169,1.6441
BToPhi,2.460,10.00,0.1990,0.0210,0.0089,0.0130,0.0354,0.0572
BToPhi,2.460,100.00,0.6856,0.0439,0.0182,0.0274,0.0744,0.1235
BToPhi,2.520,1.00,1.7168,0.8594,0.4297,0.5908,1.2259,1.6649
BToPhi,2.520,10.00,0.0686,0.0210,0.0089,0.0130,0.0354,0.0572
BToPhi,2.520,100.00,0.1820,0.0444,0.0187,0.0280,0.0756,0.1254
BToPhi,2.580,1.00,2.3137,0.8555,0.4344,0.5923,1.2237,1.6489
BToPhi,2.580,10.00,0.0727,0.0210,0.0089,0.0130,0.0354,0.0563
BToPhi,2.580,100.00,0.2176,0.0444,0.0184,0.0273,0.0745,0.1233
BToPhi,4.300,1.00,0.4354,0.1533,0.0791,0.1075,0.2175,0.2952
BToPhi,4.300,10.00,0.0232,0.0112,0.0046,0.0066,0.0173,0.0260
BToPhi,4.300,100.00,0.0387,0.0244,0.0111,0.0157,0.0392,0.0608
BToPhi,4.360,1.00,0.2462,0.1333,0.0687,0.0935,0.1891,0.2558
BToPhi,4.360,10.00,0.0230,0.0093,0.0038,0.0055,0.0149,0.0228
BToPhi,4.360,100.00,0.0480,0.0210,0.0089,0.0130,0.0347,0.0543
BToPhi,4.440,1.00,0.0850,0.0962,0.0462,0.0657,0.1388,0.1898
BToPhi,4.440,10.00,0.0098,0.0083,0.0039,0.0053,0.0144,0.0222
BToPhi,4.440,100.00,0.0238,0.0210,0.0089,0.0130,0.0341,0.0541
BToPhi,4.520,1.00,0.0947,0.0977,0.0515,0.0695,0.1378,0.1869
BToPhi,4.520,10.00,0.0091,0.0093,0.0038,0.0055,0.0143,0.0226
BToPhi,4.520,100.00,0.0255,0.0210,0.0089,0.0130,0.0344,0.0542
BToPhi,4.600,1.00,0.0739,0.0757,0.0384,0.0527,0.1086,0.1499
BToPhi,4.600,10.00,0.0073,0.0054,0.0017,0.0031,0.0105,0.0160
BToPhi,4.600,100.00,0.0206,0.0151,0.0052,0.0083,0.0262,0.0439
