0.304
0.306
0.308
0.31
0.314
0.32
0.322
0.326
0.328
0.336
0.338
0.344
0.346
0.35
0.352
0.354
0.358
0.36
0.362
0.364
0.366
0.368
0.37
0.374
0.375
0.65
0.655
0.67
1.19
1.2
1.26
1.27
1.28
1.29
1.3
1.31
1.32
1.33
1.34
1.35
1.36
1.37
1.39
1.4
1.41
1.42
1.45
1.46
1.49
1.5
1.53
1.54
1.55
1.56
1.57
1.58
1.59
1.6
1.62
1.63
1.64
1.65
1.66
1.67
1.68
1.69
1.7
1.71
1.73
1.75
1.76
1.78
1.79
1.81
1.82
1.83
1.84
1.85
1.86
1.87
1.88
1.89
1.9
1.92
1.95
1.97
1.98
1.99
2.02
2.1
2.16
2.2
2.22
2.28
2.36
2.38
2.4
2.44
2.46
2.5
2.52
2.56
2.58
