0.650
0.660
1.187
1.19
1.2
1.21
1.22
1.26
1.27
1.28
1.29
1.3
1.32
1.33
1.34
1.38
1.41
1.42
1.44
1.45
1.47
1.48
1.49
1.5
1.53
1.55
1.57
1.59
1.6
1.63
1.66
1.67
1.68
1.7
1.71
1.72
1.73
1.74
1.79
1.8
1.81
1.82
1.83
1.85
1.86
1.87
1.88
1.89
1.92
1.93
1.94
1.95
1.96
1.98
2.0
2.02
2.04
2.06
2.08
2.14
2.18
2.2
2.22
2.32
2.38
2.4
2.44
2.48
2.54
2.56
2.6
2.62
2.64
2.66
4.28
4.32
4.36
4.44
4.56
4.6
4.68
4.72
4.8
4.92
4.96
5.2
5.35
5.6
5.65
5.7
6.0
6.06
6.18
6.42
6.48
6.54
6.6
6.72
6.9
6.96
7.0
7.21
7.35
7.42
7.7
7.98
8.0
8.2
11.9
12.0
12.1
12.2
12.3
12.8
12.9
13.0
13.2
13.3
13.4
13.5
13.6
13.7
13.8
14.0
14.1
14.2
14.3
14.4
14.5
14.7
14.8
15.0
15.1
15.2
15.3
15.5
15.9
16.0
16.2
16.3
16.5
16.6
16.7
16.8
17.7
17.9
18.0
18.1
18.2
18.3
18.5
18.6
18.7
18.8
18.9
19.0
19.2
19.3
19.5
19.7
19.8
20.0
20.4
21.0
21.4
21.6
23.0
23.4
23.6
24.0
24.4
24.6
24.8
25.6
26.0
26.2
26.4
27.0
27.6
27.8
28.0
28.2
28.6
29.2
29.4
29.6
29.8
30.6
30.9
31.0
31.2
31.5
31.8
32.0
32.4
32.7
33.3
33.6
34.5
34.8
35.0
35.1
35.4
35.7
36.3
36.6
37.5
38.1
38.4
38.7
39.3
39.6
40.4
41.0
41.6
42.8
43.0
43.2
43.6
44.0
45.2
45.6
46.0
46.4
47.2
47.6
48.4
48.8
49.0
49.2
50.0